# 9230: the subject against its two controls' mean, heading by heading (price_vs_mean.py)
# station              yaw     draws c1 c2 s   +      p95 c1 c2 s   +     passes s / c1 / c2
attacker_spawn_0         0.0    737   737   761  +24.0   3.04 3.48 3.30 +0.04   [761, 1271] / [737, 1245] / [737, 1245]
attacker_spawn_0        90.0    694   694   730  +36.0   2.64 2.81 2.99 +0.26   [730, 730] / [694, 694] / [694, 694]
attacker_spawn_0       180.0    294   294   306  +12.0   1.84 1.87 2.02 +0.17   [306, 306] / [294, 294] / [294, 294]
attacker_spawn_0       270.0    607   607   639  +32.0   2.74 2.69 2.89 +0.17   [639, 639] / [607, 607] / [607, 607]
attacker_spawn_1         0.0     31    31    39   +8.0   1.18 1.16 1.26 +0.08   [39, 39] / [31, 31] / [31, 31]
attacker_spawn_1        90.0     12    12    28  +16.0   1.00 1.00 1.08 +0.08   [28, 28] / [12, 12] / [12, 12]
attacker_spawn_1       180.0     26    26    30   +4.0   1.12 1.08 1.12 +0.02   [30, 30] / [26, 26] / [26, 26]
attacker_spawn_1       270.0     32    32    54  +22.0   1.16 1.12 1.21 +0.07   [54, 54] / [32, 32] / [32, 32]
defender_spawn_2         0.0    106   106   118  +12.0   1.40 1.34 1.44 +0.08   [118, 118] / [106, 106] / [106, 106]
defender_spawn_2        90.0    387   387   421  +34.0   2.36 2.33 2.79 +0.44   [421, 421] / [387, 387] / [387, 387]
defender_spawn_2       180.0    735   735   749  +14.0   2.92 2.93 2.94 +0.01   [749, 749] / [735, 735] / [735, 735]
defender_spawn_2       270.0    315   315   349  +34.0   2.08 2.06 2.20 +0.13   [349, 349] / [315, 315] / [315, 315]
highest_vantage          0.0    106   106   118  +12.0   1.38 1.36 1.47 +0.10   [118, 118] / [106, 106] / [106, 106]
highest_vantage         90.0    387   387   421  +34.0   2.33 2.32 2.53 +0.20   [421, 421] / [387, 387] / [387, 387]
highest_vantage        180.0    735   735   749  +14.0   2.78 2.89 2.90 +0.06   [749, 749] / [735, 735] / [735, 735]
highest_vantage        270.0    315   315   349  +34.0   2.01 2.06 2.22 +0.19   [349, 349] / [315, 315] / [315, 315]
longest_sightline       22.5    219   219   243  +24.0   1.75 1.78 1.87 +0.11   [243, 243] / [219, 219] / [219, 219]
objective_3              0.0    108   108   120  +12.0   1.38 1.35 1.47 +0.10   [120, 120] / [108, 108] / [108, 108]
objective_3             90.0    460   460   494  +34.0   2.59 2.56 2.75 +0.17   [494, 494] / [460, 460] / [460, 460]
objective_3            180.0    724   724   740  +16.0   2.92 2.83 2.98 +0.10   [740, 740] / [724, 724] / [724, 724]
objective_3            270.0    169   169   203  +34.0   1.64 1.63 1.74 +0.10   [203, 203] / [169, 169] / [169, 169]
player_start_4           0.0    261   261   281  +20.0   2.05 1.96 2.07 +0.06   [281, 281] / [261, 261] / [261, 261]
player_start_4          90.0    110   110   136  +26.0   1.30 1.28 1.45 +0.16   [136, 136] / [110, 110] / [110, 110]
player_start_4         180.0    446   446   466  +20.0   2.13 2.13 2.20 +0.07   [466, 466] / [446, 446] / [446, 446]
player_start_4         270.0    581   581   609  +28.0   2.47 2.47 2.57 +0.10   [609, 609] / [581, 581] / [581, 581]
draws vs controls' mean: median 22.0  min 4.0  max 36.0
p95 ms vs controls' mean: median +0.10  min +0.01  max +0.44
controls between themselves, p95 |c1-c2|: median 0.03  max 0.44
frame p95 at the controls' mean, median over headings: 2.03 ms
headings with p95 delta over the 0.03 ms spread: 23 of 25; over 0.10 ms: 12
