lot                                 bldg   road  walk*  front   path remain   blob  gapmin  line+-    occ door->street
gas_block_001 s9080                 0.17   0.13   0.08   0.01   0.01   0.61  10915    18.0    13.0   0.62 2/4
gas_block_001 s9181                 0.12   0.11   0.06   0.00   0.00   0.70  20278    34.0    25.0   0.52 2/5
gas_block_001 s9282                 0.11   0.11   0.06   0.02   0.00   0.70  19638    27.0    26.0   0.53 2/5
club_block_n4 s9500                 0.17   0.12   0.07   0.00   0.00   0.63  15536    22.0    19.0   0.51 1/6
club_block_n5 s9500                 0.17   0.12   0.07   0.00   0.01   0.63  18955    22.0    19.0   0.54 2/7
club_block_014 s9080                0.20   0.14   0.08   0.01   0.01   0.55   9153    18.0     9.0   0.64 3/5
club_block_014 s9181                0.10   0.11   0.07   0.01   0.00   0.70  18270    25.0    14.0   0.40 1/5
club_block_014 s9282                0.15   0.12   0.07   0.03   0.00   0.62  12166    19.0    14.0   0.50 2/5
club_block_014 s9080                0.20   0.16   0.09   0.01   0.01   0.53   6714    17.0     7.0   0.61 4/5
club_block_014 s9181                0.12   0.11   0.07   0.01   0.00   0.69  18393    25.0    14.0   0.44 3/5
club_block_014 s9282                0.16   0.13   0.08   0.03   0.00   0.61  11960    18.0    13.0   0.52 3/5
video_block_001 s9080               0.17   0.13   0.08   0.01   0.01   0.61  10803    18.0    14.0   0.60 3/5
video_block_001 s9181               0.11   0.11   0.07   0.00   0.01   0.70  17153    24.0    19.0   0.52 2/4
video_block_001 s9282               0.11   0.11   0.07   0.02   0.00   0.69  16744    23.0    16.0   0.53 2/4
club_block_014 s9080                0.19   0.13   0.08   0.01   0.01   0.59  10837    18.0    10.0   0.65 3/5
club_block_014 s9181                0.13   0.11   0.07   0.00   0.01   0.68  17414    27.0    24.0   0.52 2/5
club_block_014 s9282                0.13   0.11   0.07   0.01   0.01   0.67  16830    25.0    24.0   0.45 3/5
crossroads_9600 s9600               0.14   0.11   0.07   0.01   0.00   0.66  15598    19.0    13.0   0.60 4/5
crossroads_9600 s9701               0.14   0.13   0.08   0.01   0.00   0.64  10753     9.0     5.0   0.53 4/5
crossroads_9600 s9802               0.14   0.11   0.07   0.01   0.00   0.67  16688     8.0     8.0   0.53 5/5
art_probe_001 s5017                 0.23   0.00   0.00   0.00   0.00   0.77   2316    -1.0     0.0   0.00 0/0
lot_demo_001 s5017                  0.12   0.00   0.00   0.00   0.00   0.87  26750    21.0     0.0   0.00 0/0
lot_demo_001 s5118                  0.12   0.00   0.00   0.00   0.00   0.88  32815     8.0     0.0   0.00 0/0
lot_demo_001 s5219                  0.13   0.00   0.00   0.00   0.00   0.87  39358    29.0     0.0   0.00 0/0
category5_baie_dore_001 s5017       0.29   0.00   0.00   0.00   0.00   0.71  13941    24.0     0.0   0.00 0/0
category5_baie_dore_001 s5118       0.30   0.00   0.00   0.00   0.00   0.69  13164     9.0     0.0   0.00 0/0
category5_baie_dore_001 s5219       0.29   0.00   0.00   0.00   0.00   0.71  13942    24.0     0.0   0.00 0/0
category5_baie_dore_001 s5320       0.30   0.00   0.00   0.00   0.00   0.69  13163    15.0     0.0   0.00 0/0
category5_baie_dore_001 s5421       0.30   0.00   0.00   0.00   0.00   0.69  13162    21.0     0.0   0.00 0/0
shape_courtyard_9500 s9500          0.13   0.11   0.07   0.01   0.01   0.68  15888    28.0     8.0   0.37 0/3
shape_courtyard_9500 s9601          0.12   0.11   0.07   0.00   0.01   0.69  15840    29.0    20.0   0.50 4/5
shape_l_9500 s9500                  0.13   0.11   0.07   0.01   0.01   0.68  15888    28.0     8.0   0.37 0/3
shape_l_9500 s9601                  0.12   0.11   0.07   0.00   0.01   0.69  15840    29.0    20.0   0.50 4/5
shape_row_9500 s9500                0.15   0.13   0.08   0.00   0.01   0.63  12308    28.0    19.0   0.51 1/5
shape_row_9500 s9601                0.13   0.12   0.07   0.01   0.01   0.66  13825    30.0    23.0   0.43 5/5
unlit_probe_001 s5017               0.24   0.00   0.00   0.00   0.00   0.76   2800    -1.0     0.0   0.00 0/0

distinct lots 36; remainder share median 0.68 (min 0.53 max 0.88); coverage median 0.14
building-road frontings 126; a ground door facing the road on 67
