room | 9225 rows/lamps | 9229 rows/lamps | 9229 row lines
b0/apartment_hideout | 1 5 | 3 12 | [(-49.5, -10.2), (-49.5, -5.0), (-49.5, 0.2)]
b0/customer_floor | 1 3 | 3 9 | [(-71.5, -11.0), (-71.5, -7.4), (-71.5, -3.8)]
b0/kitchen | 1 5 | 3 12 | [(-49.0, -3.0), (-44.8, -3.0), (-41.2, -3.0)]
b0/manager_office | 1 4 | 3 12 | [(-68.5, -10.4), (-68.5, -5.0), (-68.5, 0.4)]
b0/market_aisles | 1 5 | 3 12 | [(-63.6, -3.0), (-58.4, -3.0), (-53.6, -3.0)]
b0/server_room | 1 5 | 3 12 | [(-49.5, 5.0), (-49.5, 9.0), (-49.5, 13.0)]
b0/stairwell | 1 3 | 2 6 | [(-71.5, 9.0), (-71.5, 13.0)]
b0/stockroom_loading | 1 5 | 2 10 | [(-52.5, 9.0), (-52.5, 13.0)]
b0/upper_hall | 1 4 | 3 12 | [(-68.5, 5.0), (-68.5, 9.0), (-68.5, 13.0)]
b1/exec_anteroom | 1 4 | 3 12 | [(12.6, -5.0), (15.6, -5.0), (18.6, -5.0)]
b1/exec_lobby | 1 5 | 3 12 | [(-1.5, -8.8), (-1.5, -1.0), (-1.5, 6.8)]
b1/floor_1 | 2 4 | 3 12 | [(3.0, -9.0), (3.0, -1.0), (3.0, 7.0)]
b1/ground_bullpen | 1 5 | 3 12 | [(3.0, 1.0), (3.0, 5.0), (3.0, 9.0)]
b1/lobby | 1 5 | 3 12 | [(3.0, -11.0), (3.0, -7.0), (3.0, -3.0)]
b2/agent_wing | 1 5 | 1 5 | [(55.0, 8.8)]
b2/concourse | 1 5 | 3 12 | [(55.0, -10.0), (55.0, -4.0), (55.0, 2.0)]
