station      luma ctl luma glo     diff | warm ctl warm glo     diff
east_end        38.64    39.70    +1.06 |   -25.75   -24.19    +1.56
elev_E          39.48    44.36    +4.88 |   -45.50   -38.39    +7.10
elev_N          73.77   100.04   +26.27 |   -67.36   -28.37   +38.99
elev_S          71.82    98.08   +26.26 |   -68.60   -29.62   +38.97
elev_W         162.12   167.04    +4.92 |    29.09    36.29    +7.20
extraction      30.97    31.17    +0.20 |     2.28     2.51    +0.23
north_road1     71.56    73.77    +2.21 |   -40.67   -37.23    +3.43
objective        8.63     8.52    -0.11 |     3.48     3.51    +0.03
overview        71.26    64.60    -6.66 |   -56.78   -57.02    -0.24
road0_mid_north    10.04     9.99    -0.06 |   -11.62   -11.65    -0.03
spawn           41.27    41.78    +0.51 |   -17.53   -16.90    +0.63
west_end        53.30    54.33    +1.03 |    -8.83    -7.32    +1.51
