station      luma ctl luma glo     diff | warm ctl warm glo     diff
east_end        39.70    39.98    +0.28 |   -24.19   -21.98    +2.21
elev_E          44.36    44.27    -0.10 |   -38.39   -40.68    -2.29
elev_N         100.04   100.05    +0.01 |   -28.37   -28.45    -0.08
elev_S          98.08    98.05    -0.03 |   -29.62   -29.70    -0.08
elev_W         167.04   169.68    +2.64 |    36.29    36.85    +0.56
extraction      31.16    29.42    -1.74 |     2.48     0.81    -1.67
north_road1     73.77    70.35    -3.42 |   -37.24   -38.15    -0.91
objective        8.51     8.49    -0.02 |     3.51     3.44    -0.07
overview        64.62    64.74    +0.12 |   -57.02   -57.03    -0.01
road0_mid_north     9.98     9.99    +0.00 |   -11.65   -11.65    -0.00
spawn           41.79    41.78    -0.01 |   -16.90   -16.95    -0.05
west_end        54.35    41.75   -12.60 |    -7.30   -17.16    -9.86
